GOES 1 (SMS-C)          
1 08366U 75100A   24144.51314156 -.00000008  00000+0  00000+0 0  9994
2 08366   6.5273 286.8575 0001355 302.5933  81.3328  1.00312677177500
GOES 2                  
1 10061U 77048A   24145.17998343 -.00000136  00000+0  00000+0 0  9993
2 10061   8.2121 299.9546 0011483  45.0897 320.6742  0.99401347116029
GOES 3                  
1 10953U 78062A   24144.86190572 -.00000285  00000+0  00000+0 0  9998
2 10953   8.6105 305.0512 0002077 156.8238 218.3012  0.99363245121108
GOES 4                  
1 11964U 80074A   24145.08137473  .00000086  00000+0  00000+0 0  9991
2 11964   9.6283 308.8778 0033128  93.3715  91.2891  0.99229458120143
GOES 5                  
1 12472U 81049A   24144.65119095  .00000105  00000+0  00000+0 0  9993
2 12472  10.7138 320.8974 0000627 208.9434 165.3041  1.00287465115286
GOES 6                  
1 14050U 83041A   24145.52710678  .00000042  00000+0  00000+0 0  9992
2 14050  11.3983 326.3639 0003349 166.1291 171.8761  1.00306569208500
GOES 7                  
1 17561U 87022A   24144.75442762  .00000047  00000+0  00000+0 0  9990
2 17561  13.6162 343.0401 0004163  79.7205 109.0677  0.99903702119426
GOES 8                  
1 23051U 94022A   24144.86992944 -.00000220  00000+0  00000+0 0  9997
2 23051  13.7817  19.2161 0006534  53.6414 247.4137  0.98906150116667
GOES 9                  
1 23581U 95025A   24144.80526207 -.00000197  00000+0  00000+0 0  9991
2 23581  13.2889  19.8278 0006422 120.6334 154.8508  0.98800701105303
GOES 10                 
1 24786U 97019A   24144.23864708 -.00000006  00000+0  00000+0 0  9991
2 24786  12.2343  26.2682 0027260 216.5490 347.4951  0.99122058 98583
GOES 11                 
1 26352U 00022A   24144.32063179 -.00000079  00000+0  00000+0 0  9993
2 26352  10.1934  53.4436 0001154 252.4285 333.2461  0.99040957 44993
GOES 12                 
1 26871U 01031A   24144.76553560  .00000061  00000+0  00000+0 0  9996
2 26871  10.8030  43.2893 0006153 316.6424 231.7329  0.99134246 83284
EWS-G1 (GOES 13)        
1 29155U 06018A   24145.17502314 -.00000222  00000+0  00000+0 0  9991
2 29155   2.5637  85.5463 0082800 254.8997 299.1859  0.99109409 65926
GOES 14                 
1 35491U 09033A   24144.58613924 -.00000044  00000+0  00000+0 0  9997
2 35491   0.2814 106.7118 0003875 335.0807 262.2838  1.00272912 54545
EWS-G2 (GOES 15)        
1 36411U 10008A   24144.83470670  .00000057  00000+0  00000+0 0  9994
2 36411   0.2361  90.0993 0001112 101.6003  52.4490  1.00266014 52073
GOES 16                 
1 41866U 16071A   24145.16536362 -.00000228  00000+0  00000+0 0  9999
2 41866   0.0497 266.3978 0000653 171.6749 148.5196  1.00270989 27534
GOES 17                 
1 43226U 18022A   24145.51568965 -.00000071  00000+0  00000+0 0  9998
2 43226   0.0620 108.3313 0000860 328.9276 246.2878  1.00271497 22874
GOES 18                 
1 51850U 22021A   24145.48848983  .00000116  00000+0  00000+0 0  9990
2 51850   0.0120  73.4080 0000560 330.0723 237.9513  1.00272193  8244
