STARLINK-31635          
1 59511U 24073A   24137.68811720  .00000253  00000+0  13298-4 0  9993
2 59511  43.0029 131.9200 0000657 253.2273 106.8511 15.40705325  4524
STARLINK-31650          
1 59512U 24073B   24138.25001157  .00039063  00000+0  93876-3 0  9993
2 59512  43.0005 128.2329 0001792 289.5243 137.3804 15.40662596  5820
STARLINK-31658          
1 59513U 24073C   24137.27496709  .00563342  13188-3  16521-2 0  9994
2 59513  42.9980 129.5074 0002744 194.6254 165.4543 15.91910967  4519
STARLINK-31664          
1 59514U 24073D   24138.25001157 -.02020202  00000+0 -47274-1 0  9993
2 59514  43.0003 128.1583 0001085 252.5224 204.8989 15.44819076  5730
STARLINK-31669          
1 59515U 24073E   24138.13522736 -.00011690  00000+0 -27346-3 0  9991
2 59515  42.9993 129.2508 0000991 229.8891 130.1878 15.40653111  5817
STARLINK-31671          
1 59516U 24073F   24138.25001157  .00023697  00000+0  45578-3 0  9999
2 59516  43.0005 128.2077 0001071 281.0969 155.5975 15.47454145  5845
STARLINK-31674          
1 59517U 24073G   24137.91667824  .00031007  00000+0  74709-3 0  9993
2 59517  43.0006 130.4206 0001274 244.9580  18.9403 15.40677366  5863
STARLINK-31672          
1 59518U 24073H   24136.29556647  .00151140  00000+0  14304-2 0  9999
2 59518  42.9990 138.6393 0001370 219.7404 140.3361 15.65729551  5542
STARLINK-31679          
1 59519U 24073J   24137.91667824  .00066542  00000+0  15926-2 0  9992
2 59519  43.0004 130.2076 0002496 256.3458  94.8981 15.40579689  5867
STARLINK-31370          
1 59520U 24073K   24137.45762888 -.00010831  00000+0 -17911-3 0  9998
2 59520  43.0011 132.7579 0001047 245.6410 114.4341 15.50571884  4499
STARLINK-31404          
1 59521U 24073L   24138.15775592 -.00045839  00000+0 -86326-3 0  9995
2 59521  42.9993 128.5452 0001576 281.4943  78.5739 15.47713244  5818
STARLINK-31453          
1 59522U 24073M   24137.26144829  .00010153  00000+0  17860-3 0  9996
2 59522  43.0026 133.8660 0002095 266.2397  93.8223 15.50590066  4466
STARLINK-31476          
1 59523U 24073N   24138.16439198 -.00827563  00000+0 -17059-1 0  9994
2 59523  42.9990 128.6017 0002922 337.3850  22.6880 15.47710616  5726
STARLINK-31376          
1 59524U 24073P   24138.01002095 -.00004157  00000+0 -92346-4 0  9992
2 59524  42.9946 130.0303 0000607 192.1221 167.9620 15.40689128  5787
STARLINK-31538          
1 59525U 24073Q   24138.06812863  .00003022  00000+0  79585-4 0  9998
2 59525  43.0025 129.6039 0001635 262.3371  97.7300 15.40702267  5691
STARLINK-31564          
1 59526U 24073R   24138.00776987  .00008791  00000+0  21731-3 0  9996
2 59526  43.0044 130.0109 0003256 262.2919  97.7568 15.40722668  5799
STARLINK-31452          
1 59527U 24073S   24137.38924436 -.00004180  00000+0 -65429-4 0  9994
2 59527  43.0019 133.1056 0001747 268.1131  91.9529 15.50590900  4482
STARLINK-31618          
1 59528U 24073T   24137.91667824 -.00046532  00000+0 -11133-2 0  9997
2 59528  43.0007 130.3276 0001756 259.9169  41.3688 15.40703278  5863
STARLINK-31513          
1 59529U 24073U   24138.25001157  .00043274  00000+0  81511-3 0  9993
2 59529  43.0017 128.1457 0001205 251.7585 209.5065 15.47804485  5835
STARLINK-31392          
1 59530U 24073V   24138.06142863 -.00003840  00000+0 -84770-4 0  9992
2 59530  42.9999 129.5543 0001654 291.1902  68.8777 15.40678369  5811
STARLINK-31619          
1 59531U 24073W   24138.00105383  .00006245  00000+0  15654-3 0  9997
2 59531  43.0033 129.9614 0001853 269.8565  90.2079 15.40720580  5697
STARLINK-31624          
1 59532U 24073X   24137.91667824  .00163143  00000+0  36736-2 0  9994
2 59532  43.0009 128.2135 0000829 326.8456 105.5471 15.41951571  5857
STARLINK-31509          
1 59533U 24073Y   24138.25001157 -.02174272  00000+0 -47211-1 0  9992
2 59533  43.0007 127.9128 0000856 262.4507 297.3879 15.47242504  5842
STARLINK-31734          
1 59534U 24074A   24138.25001157  .00060112  00000+0  14378-2 0  9996
2 59534  43.0005 153.4956 0000827 222.8408 258.9935 15.40640589  5633
STARLINK-31738          
1 59535U 24074B   24137.23295315  .00193800  00000+0  15549-2 0  9997
2 59535  42.9985 158.1627 0001500 277.1206  82.9491 15.69637508  4318
STARLINK-31721          
1 59536U 24074C   24137.91667824  .00021570  00000+0  52263-3 0  9990
2 59536  43.0000 155.2011 0000875 316.8466 201.0605 15.40673669  5642
STARLINK-31737          
1 59537U 24074D   24138.14016516 -.00044129  00000+0 -75318-3 0  9996
2 59537  43.0001 153.8148 0002062 301.5408  58.5251 15.50481969  5616
STARLINK-31725          
1 59538U 24074E   24137.91667824 -.00669701  00000+0 -36875-2 0  9998
2 59538  42.9932 149.9989 0001650 271.5115 167.7186 15.80471418  5644
STARLINK-31539          
1 59539U 24074F   24137.75227552  .00005200  00000+0  94359-4 0  9990
2 59539  43.0016 156.0634 0002413 268.3692  91.6892 15.50593542  4387
STARLINK-31397          
1 59540U 24074G   24137.75262061  .00010435  00000+0  18337-3 0  9993
2 59540  43.0008 156.0666 0001805 262.8048  97.2607 15.50592054  4386
STARLINK-31481          
1 59541U 24074H   24138.25001157  .00043291  00000+0  10402-2 0  9997
2 59541  43.0002 153.4033 0001477 248.1011 271.1281 15.40628119  5633
STARLINK-31540          
1 59542U 24074J   24137.91667824 -.02148635  00000+0 -50965-1 0  9998
2 59542  42.9998 155.1240 0001016 265.8594 283.3653 15.44655019  5648
STARLINK-31574          
1 59543U 24074K   24138.13774636  .00001280  00000+0  27636-4 0  9996
2 59543  42.9990 153.7917 0001435 264.0686  96.0010 15.50570073  5610
STARLINK-31556          
1 59544U 24074L   24138.13706110 -.00001518  00000+0 -20057-4 0  9995
2 59544  42.9998 153.7837 0001642 264.1739  95.8934 15.50567457  5614
STARLINK-31582          
1 59545U 24074M   24138.13740527 -.00000606  00000+0 -45179-5 0  9996
2 59545  42.9993 153.7887 0001414 282.0017  78.0684 15.50570355  5616
STARLINK-31519          
1 59546U 24074N   24137.91667824  .00008132  00000+0  20209-3 0  9995
2 59546  43.0002 155.2592 0000746 259.6657 233.4013 15.40645241  5649
STARLINK-31736          
1 59547U 24074P   24138.13637791 -.00009869  00000+0 -16274-3 0  9998
2 59547  42.9994 153.7804 0002418 297.0766  62.9848 15.50552372  5512
STARLINK-31675          
1 59548U 24074Q   24137.91667824 -.02155921  00000+0 -50474-1 0  9995
2 59548  42.9998 155.0900 0001112 265.3670 297.0452 15.45045743  5640
STARLINK-31722          
1 59549U 24074R   24137.91667824 -.00015419  00000+0 -36264-3 0  9994
2 59549  43.0003 155.2881 0000158 274.0900 206.4846 15.40699294  5598
STARLINK-31741          
1 59550U 24074S   24138.25001157 -.00027913  00000+0 -66460-3 0  9998
2 59550  42.9998 153.3096 0001336 270.3097 286.3383 15.40644717  5518
STARLINK-31699          
1 59551U 24074T   24138.25001157 -.02182135  00000+0 -52366-1 0  9997
2 59551  42.9995 153.1362 0001280 269.7887 358.1898 15.44374636  5633
STARLINK-31750          
1 59552U 24074U   24137.74782284  .00003946  00000+0  73034-4 0  9994
2 59552  43.0021 156.0241 0001409 275.2881  84.7818 15.50587821  4387
STARLINK-31723          
1 59553U 24074V   24137.91667824 -.02154335  00000+0 -43966-1 0  9997
2 59553  42.9998 155.0445 0000916 256.3119 324.5114 15.48962352  5647
STARLINK-31724          
1 59554U 24074W   24137.74747814  .00002867  00000+0  54649-4 0  9998
2 59554  42.9992 156.0233 0001831 274.5797  85.4854 15.50592055  4385
STARLINK-31730          
1 59555U 24074X   24138.06886993  .00007114  00000+0  12691-3 0  9997
2 59555  43.0016 154.1301 0001919 270.4547  89.6093 15.50594186  5609
STARLINK-31718          
1 59556U 24074Y   24138.06921243  .00006254  00000+0  11228-3 0  9995
2 59556  43.0020 154.1356 0001902 265.1618  94.9025 15.50593268  5601
2024-075A               
1 59557U 24075A   24133.17057167 -.00000038  00000+0  00000+0 0  9996
2 59557  35.0044  47.1292 0006173  93.6895  55.0436 15.22949611  3232
2024-075B               
1 59558U 24075B   24137.41584008 -.00000050  00000+0  00000+0 0  9991
2 59558  35.0864  17.6065 0077705 233.2176 296.0580 15.36588018  3913
1998-067WJ              
1 59559U 98067WJ  24138.21948888  .00083462  00000+0  11808-2 0  9991
2 59559  51.6357 108.3281 0004969 114.8228 245.3280 15.55777202  4514
1998-067WK              
1 59560U 98067WK  24138.19563671  .00157502  00000+0  19758-2 0  9992
2 59560  51.6346 108.1684 0007412 126.9193 233.2479 15.58662509  4433
1998-067WL              
1 59561U 98067WL  24137.21336630  .00052689  00000+0  81967-3 0  9990
2 59561  51.6366 113.6087 0002879 129.7453 230.3791 15.53383898  4325
BURSTCUBE               
1 59562U 98067WM  24138.22202236  .00083903  00000+0  11966-2 0  9991
2 59562  51.6362 108.3442 0003165 159.1103 201.0018 15.55564512  4497
SNOOPI                  
1 59563U 98067WN  24138.16461982  .00074067  00000+0  10865-2 0  9998
2 59563  51.6361 108.7129 0003427 159.8502 200.2625 15.54850821  4477
STARLINK-31747          
1 59564U 24076A   24137.91667824 -.01751341  00000+0 -19800-1 0  9990
2 59564  43.0007 183.1750 0000855 261.1943 253.1075 15.64470333  4906
STARLINK-31388          
1 59565U 24076B   24138.25001157 -.01728306  00000+0 -15119-1 0  9994
2 59565  42.9993 181.0857 0001037 286.6883 350.6071 15.71133915  4912
STARLINK-31332          
1 59566U 24076C   24137.91667824 -.01748157  00000+0 -19761-1 0  9999
2 59566  42.9992 183.1602 0001023 272.2530 248.0622 15.64467295  4902
STARLINK-31689          
1 59567U 24076D   24138.25001157 -.01750730  00000+0 -20799-1 0  9992
2 59567  42.9997 181.1782 0001092 255.4191 341.7556 15.63225150  4916
STARLINK-31471          
1 59568U 24076E   24137.91667824 -.01751338  00000+0 -19796-1 0  9994
2 59568  43.0003 183.1535 0001468 260.2500 262.0638 15.64469715  4745
STARLINK-31470          
1 59569U 24076F   24137.91667824 -.01749762  00000+0 -19779-1 0  9994
2 59569  42.9997 183.1475 0001218 265.7523 258.5677 15.64468388  4745
STARLINK-31587          
1 59570U 24076G   24136.86671275  .00099666  00000+0  79377-3 0  9994
2 59570  42.9981 189.4361 0001358 310.7285  49.3464 15.70141599  4721
STARLINK-31606          
1 59571U 24076H   24138.25001157 -.01751628  00000+0 -20809-1 0  9996
2 59571  42.9996 181.1512 0001278 258.1624 349.0276 15.63225780  4748
STARLINK-31666          
1 59572U 24076J   24137.91667824  .00266752  00000+0  16593-2 0  9990
2 59572  42.9987 183.0087 0001347 331.7542 252.6703 15.75395268  4905
STARLINK-31683          
1 59573U 24076K   24138.25001157 -.01750278  00000+0 -20793-1 0  9990
2 59573  43.0000 181.1422 0001107 254.8980 356.2921 15.63225016  4915
STARLINK-31751          
1 59574U 24076L   24137.91667824 -.01754387  00000+0 -19834-1 0  9991
2 59574  43.0007 183.1146 0001305 263.9232 272.4103 15.64471900  4905
STARLINK-31510          
1 59575U 24076M   24137.91667824 -.01744635  00000+0 -19716-1 0  9996
2 59575  43.0004 183.1220 0001355 256.0508 278.2866 15.64464954  4923
STARLINK-31663          
1 59576U 24076N   24138.25001157 -.01751527  00000+0 -20809-1 0  9999
2 59576  42.9999 181.1203 0001128 257.3488   1.8563 15.63225529  4918
STARLINK-31692          
1 59577U 24076P   24137.91667824 -.01750397  00000+0 -19786-1 0  9997
2 59577  43.0004 183.1109 0001311 262.9914 275.3493 15.64468819  4906
STARLINK-31685          
1 59578U 24076Q   24138.25001157 -.01749375  00000+0 -20780-1 0  9997
2 59578  42.9991 181.1171 0001290 250.3607  10.8455 15.63224540  4914
STARLINK-31686          
1 59579U 24076R   24137.91667824 -.01746912  00000+0 -19744-1 0  9991
2 59579  43.0000 183.0901 0001300 259.7323 286.6209 15.64466386  4861
STARLINK-31668          
1 59580U 24076S   24138.25001157 -.01751371  00000+0 -20807-1 0  9999
2 59580  42.9999 181.1100 0001108 255.2047   8.0093 15.63225627  4911
STARLINK-31690          
1 59581U 24076T   24138.25001157 -.01751372  00000+0 -20808-1 0  9992
2 59581  43.0001 181.0989 0000908 262.0792   5.1351 15.63226230  4929
STARLINK-31701          
1 59582U 24076U   24138.25001157 -.01751665  00000+0 -20810-1 0  9991
2 59582  43.0000 181.0896 0001215 255.6643  15.5559 15.63225753  4756
STARLINK-31697          
1 59583U 24076V   24138.25001157 -.01751140  00000+0 -20803-1 0  9992
2 59583  42.9999 181.0947 0001248 254.6022  14.6188 15.63225478  4757
STARLINK-31662          
1 59584U 24076W   24137.91667824 -.01750562  00000+0 -19787-1 0  9990
2 59584  43.0000 183.0705 0001377 254.4293 299.9321 15.64469551  4860
STARLINK-31702          
1 59585U 24076X   24137.91667824 -.01747476  00000+0 -19753-1 0  9994
2 59585  42.9994 183.0687 0000914 261.3103 295.0575 15.64467498  4869
STARLINK-31704          
1 59586U 24076Y   24137.55714978 -.00113736  00000+0 -78324-3 0  9994
2 59586  42.9978 185.1443 0001186 293.8425  66.2320 15.73962351  4813
NEONSAT-1               
1 59587U 24077A   24138.19864548  .00015972  00000+0  81906-3 0  9997
2 59587  97.4123 218.4370 0015782 192.3267 167.7582 15.16524214  3527
ACS3                    
1 59588U 24077B   24138.15560970  .00000128  00000+0  18502-3 0  9995
2 59588  97.4068 213.5421 0020475 175.6519 184.4814 13.67678860  3163
ELECTRON KICK STAGE R/B 
1 59590U 24077D   24137.44584705  .00017103  00000+0  18039-2 0  9996
2 59590  97.3950 215.4263 0386785 134.7592 228.5774 14.47145326  3245
SHENZHOU-18 (SZ-18)     
1 59591U 24078A   24137.86019894  .00056417  00000+0  57047-3 0  9990
2 59591  41.4679 274.4459 0003041 352.1267   7.9525 15.64415777  2648
1998-067WP              
1 59596U 98067WP  24138.21096189  .00105399  00000+0  14310-2 0  9995
2 59596  51.6352 108.2713 0005288 116.5431 243.6103 15.56780593  4523
1998-067WQ              
1 59597U 98067WQ  24138.21048251  .00108882  00000+0  14746-2 0  9996
2 59597  51.6363 108.2697 0005342 115.5103 244.6442 15.56831658  4495
2024-079A               
1 59598U 24079A   24138.14660853  .00000061  00000+0  00000+0 0  9994
2 59598  54.6732 122.3936 0021785 254.5537 254.5312  1.72327782   321
FALCON 9 R/B            
1 59599U 24079B   24136.14318962  .00000052  00000+0  00000+0 0  9994
2 59599  54.6666 122.3990 0001327 284.0513  84.4692  1.73014449   336
2024-079C               
1 59600U 24079C   24137.59018610  .00000060  00000+0  00000+0 0  9993
2 59600  54.6837 122.3690 0006950 240.2638 205.7553  1.70566504   374
STARLINK-31770          
1 59601U 24080A   24138.16667824 -.01697968  00000+0 -25596-1 0  9998
2 59601  42.9995 215.2676 0001288 262.5832  65.2997 15.56977789  4104
STARLINK-31778          
1 59602U 24080B   24138.16667824 -.01697750  00000+0 -25594-1 0  9996
2 59602  42.9999 215.2633 0001524 260.1138  69.7093 15.56973918  4104
STARLINK-31776          
1 59603U 24080C   24138.16667824 -.01697299  00000+0 -25590-1 0  9991
2 59603  42.9995 215.2577 0001574 259.9031  71.8601 15.56969734  4055
STARLINK-31765          
1 59604U 24080D   24138.16667824 -.01700328  00000+0 -25641-1 0  9997
2 59604  42.9993 215.2524 0001707 266.7701  66.9313 15.56968450  4109
STARLINK-31767          
1 59605U 24080E   24138.16667824 -.01698402  00000+0 -25617-1 0  9990
2 59605  42.9995 215.2473 0001394 264.3497  71.2934 15.56962660  4108
STARLINK-31782          
1 59606U 24080F   24138.16667824 -.01698058  00000+0 -25616-1 0  9997
2 59606  42.9994 215.2427 0001302 260.2809  77.3019 15.56958535  4105
STARLINK-31755          
1 59607U 24080G   24138.16667824 -.01702962  00000+0 -25696-1 0  9996
2 59607  42.9995 215.2377 0001668 263.8113  75.7103 15.56957832  4108
STARLINK-31585          
1 59608U 24080H   24138.16667824 -.01699566  00000+0 -25647-1 0  9998
2 59608  42.9996 215.2329 0001397 267.1759  74.2867 15.56951882  4109
STARLINK-31667          
1 59609U 24080J   24138.16667824 -.01697838  00000+0 -25621-1 0  9991
2 59609  42.9996 215.2284 0001595 260.6292  82.7738 15.56946843  4102
STARLINK-31729          
1 59610U 24080K   24138.16667824 -.01698794  00000+0 -25639-1 0  9994
2 59610  42.9993 215.2231 0001691 264.5488  80.7928 15.56943982  4100
STARLINK-31448          
1 59611U 24080L   24138.16667824 -.01699097  00000+0 -25649-1 0  9993
2 59611  42.9994 215.2180 0001584 264.9913  82.2916 15.56939926  4100
STARLINK-31748          
1 59612U 24080M   24138.16667824 -.01700882  00000+0 -26176-1 0  9995
2 59612  42.9995 215.1358 0001606 265.9975 113.1602 15.56430644  4055
STARLINK-31746          
1 59613U 24080N   24138.16667824 -.01656785  00000+0 -20742-1 0  9991
2 59613  42.9999 214.5146 0001267 283.3360 344.5950 15.62242162  4119
STARLINK-31762          
1 59614U 24080P   24138.16667824 -.01700288  00000+0 -25679-1 0  9994
2 59614  42.9993 215.2075 0001224 266.5217  84.6400 15.56932945  4109
STARLINK-31761          
1 59615U 24080Q   24138.16667824 -.01700300  00000+0 -25685-1 0  9997
2 59615  42.9993 215.1980 0001417 269.5687  85.4731 15.56925222  4052
STARLINK-31768          
1 59616U 24080R   24138.16667824 -.01680953  00000+0 -25528-1 0  9995
2 59616  42.9993 215.1902 0002515 279.0449  78.9792 15.56738588  4106
STARLINK-31769          
1 59617U 24080S   24138.16667824 -.01700181  00000+0 -25690-1 0  9992
2 59617  42.9994 215.1883 0001496 268.3752  90.5468 15.56917264  4101
STARLINK-31784          
1 59618U 24080T   24138.16667824 -.01703463  00000+0 -25745-1 0  9990
2 59618  42.9994 215.1830 0001731 266.4843  94.3766 15.56915440  4057
STARLINK-31777          
1 59619U 24080U   24138.16667824 -.01703646  00000+0 -25753-1 0  9993
2 59619  42.9994 215.1777 0001614 267.2209  95.5798 15.56911495  4103
STARLINK-31771          
1 59620U 24080V   24138.16667824 -.01700832  00000+0 -25711-1 0  9993
2 59620  42.9992 215.1738 0001590 266.3681  98.3730 15.56906055  4054
STARLINK-31758          
1 59621U 24080W   24138.16667824 -.01700754  00000+0 -25715-1 0  9991
2 59621  42.9993 215.1687 0001418 274.0406  92.6406 15.56902172  4052
STARLINK-31774          
1 59622U 24080X   24138.16667824 -.01701070  00000+0 -25723-1 0  9993
2 59622  42.9994 215.1636 0001512 271.4734  97.1472 15.56898551  4102
STARLINK-31763          
1 59623U 24080Y   24138.16667824 -.01701363  00000+0 -25733-1 0  9990
2 59623  42.9994 215.1584 0001360 270.0833 100.4768 15.56894743  4106
SZ-17 MODULE            
1 59624U 23164C   24138.06471651  .00048795  00000+0  52131-3 0  9997
2 59624  41.4770 273.3828 0004505  25.1655 334.9403 15.63062434  2666
LEGION 1                
1 59625U 24081A   24138.20876064  .00013357  00000+0  69450-3 0  9998
2 59625  97.5769 209.3192 0005043 115.6351 244.5403 15.16178255  2186
LEGION 2                
1 59626U 24081B   24138.20659035  .00013335  00000+0  68891-3 0  9990
2 59626  97.5769 209.3220 0004074 111.1242 249.0427 15.16410949  2187
CZ-5 R/B                
1 59628U 24083B   24124.60000000  .00000000  00000+0  00000+0 0  9994
2 59628  23.1500 348.9340 9764692 239.8920   3.9470  0.06022200    38
STARLINK-31749          
1 59631U 24082A   24137.91667824 -.00731754  00000+0 -37926-2 0  9997
2 59631  43.0009 312.2285 0001881 275.7734 235.5339 15.81918943  2931
STARLINK-31781          
1 59632U 24082B   24137.83838264  .00047410  94182-5  10299-3 0  9999
2 59632  42.9984 311.9586 0002685 257.1065 102.9513 15.98350002  3178
STARLINK-31541          
1 59633U 24082C   24137.91667824 -.00748655  00000+0 -38843-2 0  9996
2 59633  43.0010 312.2226 0001761 278.8691 234.5448 15.81939304  3400
STARLINK-31797          
1 59634U 24082D   24137.91667824 -.00759524  00000+0 -39429-2 0  9995
2 59634  43.0008 312.2039 0001710 273.9988 246.7268 15.81954733  3205
STARLINK-31798          
1 59635U 24082E   24137.91667824 -.00754736  00000+0 -39204-2 0  9997
2 59635  43.0008 312.2085 0001880 274.6151 244.3630 15.81928628  3206
STARLINK-31802          
1 59636U 24082F   24137.91667824 -.00779480  00000+0 -40519-2 0  9992
2 59636  43.0006 312.1797 0001568 281.8027 248.6208 15.81977098  3202
STARLINK-31791          
1 59637U 24082G   24137.91667824 -.00757405  00000+0 -39304-2 0  9996
2 59637  43.0007 312.1981 0001891 281.4862 241.6454 15.81955978  3200
STARLINK-31727          
1 59638U 24082H   24137.91667824 -.00764806  00000+0 -39696-2 0  9994
2 59638  43.0008 312.1927 0001748 281.1484 244.1522 15.81971312  3259
STARLINK-31807          
1 59639U 24082J   24138.16667824 -.00881830  00000+0 -47263-2 0  9999
2 59639  43.0005 310.6385 0001549 283.9553 234.4598 15.81583487  3228
STARLINK-31806          
1 59640U 24082K   24137.91667824 -.00773814  00000+0 -40223-2 0  9994
2 59640  43.0008 312.1850 0001959 276.7805 251.5781 15.81960291  3206
STARLINK-31804          
1 59641U 24082L   24138.16667824 -.00882147  00000+0 -47213-2 0  9999
2 59641  43.0007 310.6342 0001861 278.1287 241.9437 15.81611337  3235
STARLINK-31660          
1 59642U 24082M   24138.16667824 -.01232050  00000+0 -60533-2 0  9993
2 59642  42.9999 310.3191 0001822 273.6061  11.0834 15.83824898  3428
STARLINK-31800          
1 59643U 24082N   24138.16667824 -.00884605  00000+0 -47280-2 0  9996
2 59643  43.0004 310.6302 0001934 279.5487 241.9978 15.81645805  3336
STARLINK-31789          
1 59644U 24082P   24137.91667824 -.00799858  00000+0 -41576-2 0  9996
2 59644  43.0005 312.1510 0001723 279.0222 262.6345 15.82027370  3402
STARLINK-31795          
1 59645U 24082Q   24138.16667824 -.00900924  00000+0 -48480-2 0  9994
2 59645  43.0001 310.5919 0000944 284.3406 252.1607 15.81552303  3224
STARLINK-31796          
1 59646U 24082R   24137.91667824 -.00809240  00000+0 -42071-2 0  9996
2 59646  43.0003 312.1392 0001813 283.5564 262.5276 15.82046129  3369
STARLINK-31801          
1 59647U 24082S   24137.91667824 -.00826815  00000+0 -43035-2 0  9995
2 59647  43.0001 312.1214 0001580 275.7236 277.3995 15.82067182  3253
STARLINK-31790          
1 59648U 24082T   24138.16667824  .00571400  00000+0  17929-2 0  9992
2 59648  42.9997 310.4868 0005931 288.2012 290.0969 15.89224476  3225
STARLINK-31803          
1 59649U 24082U   24137.91667824 -.00802965  00000+0 -41724-2 0  9990
2 59649  43.0002 312.1452 0001892 276.3938 267.3013 15.82040354  3254
STARLINK-31787          
1 59650U 24082V   24137.91667824 -.00843003  00000+0 -43951-2 0  9994
2 59650  43.0001 312.1146 0001824 274.2006 281.5876 15.82069733  3395
STARLINK-31277          
1 59651U 24082W   24137.91667824 -.00818328  00000+0 -42595-2 0  9990
2 59651  43.0004 312.1329 0001734 273.6849 275.1022 15.82043786  3404
STARLINK-31799          
1 59652U 24082X   24137.91667824 -.00847194  00000+0 -44193-2 0  9990
2 59652  43.0002 312.1025 0001601 263.9752 296.6566 15.82071064  3258
STARLINK-31764          
1 59653U 24082Y   24138.16667824 -.00941796  00000+0 -50643-2 0  9999
2 59653  42.9999 310.5640 0001652 272.5168 275.2673 15.81664721  3428
STARLINK-31589          
1 59654U 24084A   24137.91667824 -.01152531  00000+0 -66860-2 0  9994
2 59654  43.0056 213.0111 0001672 281.4835  65.6372 15.80138881  2818
STARLINK-31665          
1 59655U 24084B   24137.91667824 -.01152989  00000+0 -66736-2 0  9994
2 59655  43.0055 213.0057 0001271 282.1997  67.0978 15.80192662  2757
STARLINK-31912          
1 59656U 24084C   24137.91667824 -.01153308  00000+0 -66536-2 0  9999
2 59656  43.0054 212.9992 0001838 274.7041  77.1047 15.80257992  2756
STARLINK-31904          
1 59657U 24084D   24137.91667824 -.01153278  00000+0 -66327-2 0  9994
2 59657  43.0054 212.9921 0001504 281.5175  73.1055 15.80328680  2717
STARLINK-31858          
1 59658U 24084E   24137.91667824 -.01157319  00000+0 -65917-2 0  9999
2 59658  43.0060 212.9699 0001750 281.6256  81.8635 15.80543538  2756
STARLINK-31881          
1 59659U 24084F   24137.91667824 -.01156737  00000+0 -66423-2 0  9996
2 59659  43.0053 212.9880 0001730 277.7282  78.4689 15.80367281  2754
STARLINK-31885          
1 59660U 24084G   24137.91667824 -.01157007  00000+0 -66254-2 0  9991
2 59660  43.0053 212.9817 0001588 281.5402  77.1751 15.80429230  2753
STARLINK-31880          
1 59661U 24084H   24138.16667824 -.01099222  00000+0 -64358-2 0  9997
2 59661  43.0047 211.4493 0001295 270.7251  73.7211 15.79824747  2784
STARLINK-31886          
1 59662U 24084J   24137.91667824 -.01156352  00000+0 -65680-2 0  9997
2 59662  43.0052 212.9632 0001689 281.9474  84.0374 15.80601419  2753
STARLINK-31909          
1 59663U 24084K   24137.91667824 -.01038751  00000+0 -51788-2 0  9994
2 59663  43.0049 212.8623 0001991 273.2938 132.7066 15.83497487  2765
STARLINK-31910          
1 59664U 24084L   24137.91667824 -.01153859  00000+0 -65203-2 0  9999
2 59664  43.0051 212.9512 0001716 282.2198  88.4084 15.80705642  2758
STARLINK-31894          
1 59665U 24084M   24137.91667824 -.01152658  00000+0 -64948-2 0  9991
2 59665  43.0050 212.9445 0001597 283.4549  89.8597 15.80765922  2754
STARLINK-31902          
1 59666U 24084N   24137.91667824 -.01156053  00000+0 -64982-2 0  9993
2 59666  43.0049 212.9382 0001745 277.3212  98.4672 15.80823605  2750
STARLINK-31913          
1 59667U 24084P   24137.91667824 -.01154475  00000+0 -64743-2 0  9995
2 59667  43.0050 212.9324 0001714 275.9492 102.0611 15.80870099  2753
STARLINK-31866          
1 59668U 24084Q   24137.91667824 -.01156155  00000+0 -64418-2 0  9992
2 59668  43.0050 212.9162 0001882 272.7777 111.7790 15.81010692  2820
STARLINK-31917          
1 59669U 24084R   24137.91667824 -.01156079  00000+0 -64741-2 0  9997
2 59669  43.0047 212.9279 0001338 283.0134  96.7252 15.80907990  2756
STARLINK-31860          
1 59670U 24084S   24137.91667824 -.01153965  00000+0 -64024-2 0  9994
2 59670  43.0046 212.9042 0001281 281.0703 108.1029 15.81102813  2754
STARLINK-31854          
1 59671U 24084T   24138.16667824 -.01085765  00000+0 -51361-2 0  9995
2 59671  43.0042 211.1954 0001373 280.9143 164.4366 15.84710117  2789
STARLINK-31842          
1 59672U 24084U   24137.91667824 -.01156133  00000+0 -64254-2 0  9991
2 59672  43.0047 212.9093 0001925 267.2243 119.9173 15.81064192  2750
STARLINK-31871          
1 59673U 24084V   24138.16667824 -.01101274  00000+0 -62503-2 0  9991
2 59673  43.0042 211.3709 0001569 277.0813  98.4293 15.80497583  2868
STARLINK-31875          
1 59674U 24084W   24137.91667824 -.01152484  00000+0 -63652-2 0  9999
2 59674  43.0049 212.8935 0001825 279.7346 113.8132 15.81190751  2826
STARLINK-31877          
1 59675U 24084X   24137.91667824 -.01154611  00000+0 -63669-2 0  9992
2 59675  43.0047 212.8883 0001467 283.7651 111.8589 15.81232905  2757
STARLINK-31884          
1 59676U 24084Y   24137.91667824 -.01083017  00000+0 -50699-2 0  9993
2 59676  43.0047 212.7684 0001561 279.3100 164.2515 15.84915231  2823
2024-085A               
1 59677U 24085A   24137.68504221  .00017506  00000+0  78181-3 0  9994
2 59677  97.4046 212.3682 0013512 226.7321 284.9347 15.21334771  1456
2024-085B               
1 59678U 24085B   24134.38894922  .00025112  00000+0  10982-2 0  9995
2 59678  97.4092 209.1422 0014133 252.4797 234.9572 15.21970806   940
2024-085C               
1 59679U 24085C   24134.91344787  .00007613  00000+0  34201-3 0  9991
2 59679  97.4045 209.6447 0013514 241.2103 224.9339 15.21353531  1020
2024-085D               
1 59680U 24085D   24137.21302875  .00037317  00000+0  16434-2 0  9992
2 59680  97.4036 211.9061 0013781 228.5150 223.7394 15.21648604  1370
2024-085E               
1 59681U 24085E   24137.20598429  .00017057  00000+0  50079-3 0  9997
2 59681  97.3727 212.0532 0055315 322.7142 128.5497 15.33666030  1382
STARLINK-32108          
1 59682U 24086A   24138.16667824 -.01594972  00000+0 -12241-1 0  9997
2 59682  43.0024 233.6552 0001299 299.0195  75.9643 15.73922309  2420
STARLINK-32080          
1 59683U 24086B   24138.16667824 -.01637585  00000+0 -12593-1 0  9996
2 59683  43.0021 233.6494 0001411 272.5407 104.4303 15.73951203  2427
STARLINK-32091          
1 59684U 24086C   24138.16667824 -.01443552  00000+0 -11229-1 0  9991
2 59684  43.0021 233.6442 0001688 277.9509 101.1241 15.73794007  2421
STARLINK-32085          
1 59685U 24086D   24138.16667824 -.01439510  00000+0 -11194-1 0  9992
2 59685  43.0018 233.6393 0001721 300.5931  80.4815 15.73792360  2463
STARLINK-32100          
1 59686U 24086E   24138.16667824 -.01434358  00000+0 -11164-1 0  9995
2 59686  43.0019 233.6344 0001253 281.3719 101.7335 15.73765952  2451
STARLINK-32089          
1 59687U 24086F   24138.16667824 -.02029471  00000+0 -15621-1 0  9995
2 59687  43.0020 233.6292 0001712 279.6086 105.6604 15.74083216  2429
STARLINK-32103          
1 59688U 24086G   24138.16667824 -.01635134  00000+0 -12585-1 0  9990
2 59688  43.0020 233.6246 0001199 259.9499 127.0415 15.73929300  2427
STARLINK-32105          
1 59689U 24086H   24138.16667824 -.01685585  00000+0 -13003-1 0  9992
2 59689  43.0025 233.6197 0001439 259.2479 129.7284 15.73964506  2426
STARLINK-32106          
1 59690U 24086J   24138.16667824 -.01691551  00000+0 -13054-1 0  9990
2 59690  43.0023 233.6101 0001825 272.7696 120.2109 15.73962149  2424
STARLINK-32090          
1 59691U 24086K   24138.16667824 -.01770529  00000+0 -13716-1 0  9999
2 59691  43.0023 233.6150 0001281 282.0053 108.9469 15.74023369  2319
STARLINK-32095          
1 59692U 24086L   24138.16667824 -.01693902  00000+0 -13077-1 0  9999
2 59692  43.0023 233.6048 0001747 281.9324 113.0519 15.73958774  2423
STARLINK-32088          
1 59693U 24086M   24138.16667824 -.01691134  00000+0 -13056-1 0  9992
2 59693  43.0023 233.5997 0001740 258.2852 138.7025 15.73953235  2425
STARLINK-32107          
1 59694U 24086N   24138.16667824 -.01703850  00000+0 -13166-1 0  9994
2 59694  43.0023 233.5944 0001715 252.6502 146.3413 15.73955765  2268
STARLINK-32104          
1 59695U 24086P   24138.16667824 -.01693037  00000+0 -13077-1 0  9991
2 59695  43.0022 233.5898 0001635 264.7892 136.2062 15.73946791  2428
STARLINK-32094          
1 59696U 24086Q   24137.91667824 -.01086668  00000+0 -70240-2 0  9996
2 59696  43.0047 235.0140 0001820 279.7047 179.2348 15.77626379  2174
STARLINK-32099          
1 59697U 24086R   24138.16667824 -.01704622  00000+0 -13171-1 0  9991
2 59697  43.0022 233.5802 0002808 269.2615 135.7412 15.73945451  2426
STARLINK-32096          
1 59698U 24086S   24138.16667824 -.01700025  00000+0 -13145-1 0  9996
2 59698  43.0022 233.5696 0001545 284.0917 124.9169 15.73935937  2422
STARLINK-32102          
1 59699U 24086T   24138.16667824 -.01692919  00000+0 -13081-1 0  9998
2 59699  43.0022 233.5744 0001749 265.5753 141.4290 15.73936694  2267
STARLINK-32092          
1 59700U 24086U   24138.16667824 -.01699810  00000+0 -13151-1 0  9996
2 59700  43.0024 233.5548 0001357 273.0752 141.9433 15.73924292  2425
STARLINK-32093          
1 59701U 24086V   24138.16667824 -.01697684  00000+0 -13125-1 0  9995
2 59701  43.0022 233.5648 0001878 287.0906 123.9208 15.73931244  2424
STARLINK-32087          
1 59702U 24086W   24138.16667824 -.01700510  00000+0 -13161-1 0  9999
2 59702  43.0026 233.5448 0001386 274.0306 144.9961 15.73917264  2268
STARLINK-32086          
1 59703U 24086X   24138.16667824 -.01696602  00000+0 -13118-1 0  9998
2 59703  43.0024 233.5600 0001857 275.7371 137.2785 15.73927174  2361
STARLINK-32098          
1 59704U 24086Y   24138.16667824 -.01702551  00000+0 -13176-1 0  9994
2 59704  43.0026 233.5502 0001391 279.1311 137.8914 15.73922271  2363
CZ-3B R/B               
1 59707U 24087C   24137.69997621  .00035127  00000+0  14756-2 0  9997
2 59707  53.1959 199.0241 6093301 227.9406  61.2427  3.96664284   381
STARLINK-11107 [DTC]    
1 59708U 24088A   24137.91667824 -.00759817  18691-3 -22103-2 0  9998
2 59708  53.1677 351.7570 0000355  41.7477 193.0870 15.92158508  2184
STARLINK-11088 [DTC]    
1 59709U 24088B   24137.91667824 -.00827786  21694-3 -24695-2 0  9995
2 59709  53.1673 351.7132 0000479  76.3413 179.4374 15.91687248  2180
STARLINK-11092 [DTC]    
1 59710U 24088C   24138.16667824 -.00809561  20828-3 -24246-2 0  9996
2 59710  53.1668 350.4356 0000320  32.7833 218.5801 15.91607877  2211
STARLINK-11082 [DTC]    
1 59711U 24088D   24137.91667824 -.00741004  17886-3 -21464-2 0  9995
2 59711  53.1673 351.7044 0000488  52.2775 207.8025 15.92236082  2174
STARLINK-11108 [DTC]    
1 59712U 24088E   24138.16667824 -.00733633  17555-3 -21346-2 0  9995
2 59712  53.1668 350.4263 0000335  50.4270 205.4971 15.92148394  2216
STARLINK-11100 [DTC]    
1 59713U 24088F   24138.16667824 -.00704067  16354-3 -20221-2 0  9992
2 59713  53.1668 350.4215 0000469  62.8020 195.2928 15.92391038  2215
STARLINK-11094 [DTC]    
1 59714U 24088G   24138.16667824 -.00671123  15052-3 -19063-2 0  9995
2 59714  53.1667 350.4181 0000348  29.9894 229.7836 15.92594696  2166
STARLINK-11101 [DTC]    
1 59715U 24088H   24137.91667824 -.00591216  12123-3 -16212-2 0  9991
2 59715  53.1670 351.6865 0000538  67.3638 201.2001 15.93244299  2178
STARLINK-11099 [DTC]    
1 59716U 24088J   24138.16667824 -.00642961  13982-3 -18068-2 0  9999
2 59716  53.1667 350.4143 0000496  45.3376 216.2276 15.92792513  2210
STARLINK-11084 [DTC]    
1 59717U 24088K   24138.16667824 -.00597807  12349-3 -16472-2 0  9991
2 59717  53.1666 350.4071 0000412  32.5982 232.3627 15.93154733  2215
STARLINK-11103 [DTC]    
1 59718U 24088L   24138.16667824 -.00574658  11545-3 -15702-2 0  9993
2 59718  53.1665 350.4040 0000327  27.5876 238.7989 15.93307215  2218
STARLINK-11096 [DTC]    
1 59719U 24088M   24138.16667824 -.00557582  10974-3 -15100-2 0  9998
2 59719  53.1663 350.4009 0000306  32.0363 236.0330 15.93471202  2210
STARLINK-11095 [DTC]    
1 59720U 24088N   24138.16667824 -.00540381  10411-3 -14523-2 0  9993
2 59720  53.1660 350.3977 0000513  53.4233 216.0238 15.93609881  2216
STARLINK-31834          
1 59721U 24088P   24137.91667824 -.01083286  34991-3 -33803-2 0  9994
2 59721  53.1663 351.6870 0000552 115.2225 152.8155 15.90863893  2034
STARLINK-31843          
1 59722U 24088Q   24137.91667824 -.01114866  36903-3 -34606-2 0  9991
2 59722  53.1664 351.6826 0000785  79.9490 190.1977 15.90971902  2033
STARLINK-31766          
1 59723U 24088R   24137.91667824 -.01118479  37152-3 -34560-2 0  9992
2 59723  53.1663 351.6783 0000482 106.8056 165.4097 15.91061850  2038
STARLINK-31836          
1 59724U 24088S   24137.91667824 -.01126969  37735-3 -34484-2 0  9998
2 59724  53.1663 351.6692 0000761 108.4854 168.1733 15.91252962  2136
STARLINK-31820          
1 59725U 24088T   24137.91667824 -.01132144  38079-3 -34506-2 0  9998
2 59725  53.1664 351.6658 0000616 105.7230 172.7280 15.91330676  2033
STARLINK-31642          
1 59726U 24088U   24137.91667824 -.01134576  38169-3 -34866-2 0  9999
2 59726  53.1666 351.6739 0000652  81.9671 192.6316 15.91171106  2032
STARLINK-31827          
1 59727U 24088V   24138.16667824 -.01194576  41791-3 -37321-2 0  9998
2 59727  53.1660 350.3908 0000400  36.9511 235.7028 15.90860387  2275
2024-089A               
1 59728U 24089A   24137.86731131  .00001826  00000+0  19385-3 0  9996
2 59728  97.7655 145.1065 0006244 224.8224 135.2490 14.90242252   717
2024-089B               
1 59729U 24089B   24138.18637231 -.00000083  00000+0  00000+0 0  9994
2 59729  97.7596 145.6166 0105404  20.4583 340.5771 15.14543352   776
STARLINK-31472          
1 59730U 24090A   24138.16667824 -.00838362  00000+0 -29025-2 0  9998
2 59730  43.0054 356.1353 0002036 275.7037 163.4948 15.90351207  1795
STARLINK-31817          
1 59731U 24090B   24138.16667824 -.00842199  00000+0 -29069-2 0  9990
2 59731  43.0052 356.1330 0002038 274.7505 165.2325 15.90418636  1856
STARLINK-31841          
1 59732U 24090C   24138.16667824 -.00844637  00000+0 -29035-2 0  9993
2 59732  43.0051 356.1308 0001848 284.3434 156.5477 15.90504460  1859
STARLINK-31833          
1 59733U 24090D   24138.16667824 -.00855962  00000+0 -29255-2 0  9991
2 59733  43.0052 356.1277 0002271 277.6975 164.3660 15.90636179  1799
STARLINK-31849          
1 59734U 24090E   24138.16667824 -.00865706  00000+0 -29452-2 0  9998
2 59734  43.0051 356.1252 0001942 276.5617 166.5654 15.90749836  1856
STARLINK-31661          
1 59735U 24090F   24138.16667824 -.00873211  00000+0 -29561-2 0  9990
2 59735  43.0051 356.1224 0001745 281.8618 162.3364 15.90863341  1790
STARLINK-31707          
1 59736U 24090G   24138.16667824 -.00880319  00000+0 -29640-2 0  9996
2 59736  43.0051 356.1197 0002156 280.6700 164.6116 15.90979050  1858
STARLINK-31821          
1 59737U 24090H   24138.16667824 -.00981888  28973-3 -29886-2 0  9995
2 59737  43.0051 356.1170 0001957 272.9623 173.3506 15.91089510  1793
STARLINK-31819          
1 59738U 24090J   24138.16667824 -.00987541  29304-3 -29918-2 0  9993
2 59738  43.0051 356.1144 0001974 275.7092 171.5478 15.91180968  1792
STARLINK-31726          
1 59739U 24090K   24138.16667824 -.00995762  29786-3 -29978-2 0  9998
2 59739  43.0050 356.1117 0002022 280.9420 167.4494 15.91303933  1858
STARLINK-31759          
1 59740U 24090L   24138.16667824 -.01009058  30551-3 -30196-2 0  9991
2 59740  43.0050 356.1089 0001884 274.3705 175.1122 15.91423059  1852
STARLINK-31818          
1 59741U 24090M   24138.25001157 -.01065655  33732-3 -32009-2 0  9997
2 59741  43.0050 355.5879 0002039 263.7733 304.5817 15.91359857  1841
STARLINK-31816          
1 59742U 24090N   24138.16667824  .00904869  38127-3  19336-2 0  9994
2 59742  43.0046 356.0518 0005067 289.1952 182.6886 15.97797206  1832
STARLINK-31809          
1 59743U 24090P   24138.16667824 -.01037456  32234-3 -30564-2 0  9996
2 59743  43.0048 356.1012 0001974 272.7951 179.6731 15.91729284  1745
STARLINK-31779          
1 59744U 24090Q   24138.16667824 -.01052917  33190-3 -30662-2 0  9997
2 59744  43.0047 356.0956 0001765 283.6463 170.9698 15.91955555  1836
STARLINK-31805          
1 59745U 24090R   24138.16667824 -.01041220  32482-3 -30502-2 0  9999
2 59745  43.0046 356.0983 0001997 281.4447 172.0875 15.91838603  1857
STARLINK-31681          
1 59746U 24090S   24138.16667824 -.01063334  33826-3 -30801-2 0  9995
2 59746  43.0046 356.0930 0001992 275.3825 180.2338 15.92058672  1853
STARLINK-31636          
1 59747U 24090T   24138.16667824 -.01088239  35372-3 -31126-2 0  9996
2 59747  43.0046 356.0877 0001627 274.9160 182.9504 15.92306527  1855
STARLINK-31640          
1 59748U 24090U   24138.16667824 -.01078938  34781-3 -31047-2 0  9997
2 59748  43.0046 356.0905 0002127 273.3032 183.4581 15.92187555  1854
STARLINK-31677          
1 59749U 24090V   24138.16667824 -.01094803  35802-3 -31128-2 0  9992
2 59749  43.0045 356.0849 0001956 277.0690 181.8863 15.92420294  1856
STARLINK-31783          
1 59750U 24090W   24138.16667824 -.01099874  36138-3 -31122-2 0  9994
2 59750  43.0046 356.0825 0001886 285.8434 174.0581 15.92513315  1856
STARLINK-31808          
1 59751U 24090X   24138.16667824 -.01118917  37334-3 -31462-2 0  9991
2 59751  43.0047 356.0799 0002113 273.5371 187.4618 15.92635805  1854
STARLINK-31822          
1 59752U 24090Y   24138.16667824 -.01120850  37484-3 -31374-2 0  9999
2 59752  43.0047 356.0774 0001887 279.7680 182.1605 15.92723209  1850
2024-092A               
1 59773U 24092A   24138.28753847 -.00000083  00000+0  00000+0 0  9990
2 59773  97.2463 250.4837 0011363 246.8206 204.9422 15.40919983    52
