ISS (ZARYA)             
1 25544U 98067A   24138.22590146  .00022192  00000+0  37613-3 0  9995
2 25544  51.6378 108.8473 0003375 178.5340 308.0747 15.51434944453741
CSS (TIANHE)            
1 48274U 21035A   24137.86019894  .00056417  00000+0  57047-3 0  9996
2 48274  41.4679 274.4459 0003041 352.1267   7.9525 15.64415777174194
ISS (NAUKA)             
1 49044U 21066A   24137.83048976  .00021101  00000+0  35836-3 0  9990
2 49044  51.6382 110.8102 0003516 175.2006 261.5013 15.51411678159560
FREGAT DEB              
1 49271U 11037PF  24137.23816695  .00052502  00000+0  11878+0 0  9999
2 49271  51.6671  79.6305 0976139  54.5372 314.2680 12.14918254131312
CSS (WENTIAN)           
1 53239U 22085A   24137.86019894  .00056417  00000+0  57047-3 0  9999
2 53239  41.4679 274.4459 0003041 352.1267   7.9525 15.64415777102473
CSS (MENGTIAN)          
1 54216U 22143A   24137.86019894  .00056417  00000+0  57047-3 0  9990
2 54216  41.4679 274.4459 0003041 352.1267   7.9525 15.64415777 87112
ISS DEB [SPX-28 IPA FSE]
1 57212U 98067VP  24138.18232956  .01055625  73394-3  83077-3 0  9992
2 57212  51.6155  67.9571 0001979 185.0498 175.0498 16.14138555 51221
ISS DEB                 
1 58229U 98067WC  24138.16739404  .00251965  00000+0  11064-2 0  9999
2 58229  51.6273  91.4211 0005129  90.4410 269.7180 15.83326027 30750
PROGRESS-MS 25          
1 58460U 23184A   24137.83048976  .00021101  00000+0  35836-3 0  9995
2 58460  51.6382 110.8102 0003516 175.2006 261.5013 15.51411678 25867
BEAK                    
1 58612U 98067WD  24138.13113520  .00250148  00000+0  12636-2 0  9995
2 58612  51.6322  95.7167 0005006 101.0643 259.0922 15.80315500 23646
TIANZHOU-7              
1 58811U 24013A   24137.86019894  .00056417  00000+0  57047-3 0  9993
2 58811  41.4679 274.4459 0003041 352.1267   7.9525 15.64415777172426
CYGNUS NG-20            
1 58898U 24021A   24137.83048976  .00021101  00000+0  35836-3 0  9991
2 58898  51.6382 110.8102 0003516 175.2006 261.5013 15.51411678 16413
PROGRESS-MS 26          
1 58961U 24029A   24137.83048976  .00021101  00000+0  35836-3 0  9990
2 58961  51.6382 110.8102 0003516 175.2006 261.5013 15.51411678 14018
CREW DRAGON 8           
1 59097U 24042A   24137.83048976  .00021101  00000+0  35836-3 0  9996
2 59097  51.6382 110.8102 0003516 175.2006 261.5013 15.51411678 11229
SOYUZ-MS 25             
1 59294U 24055A   24137.83048976  .00021101  00000+0  35836-3 0  9999
2 59294  51.6382 110.8102 0003516 175.2006 261.5013 15.51411678  8213
MICROORBITER-1          
1 59483U 98067WF  24138.18439652  .00120779  00000+0  15522-2 0  9997
2 59483  51.6344 108.0904 0003585 145.8615 214.2609 15.58189390  5634
CURTIS                  
1 59507U 98067WG  24138.13372398  .00088105  00000+0  12014-2 0  9991
2 59507  51.6341 108.5002 0002231 153.6231 206.4875 15.56757804  5637
KASHIWA                 
1 59508U 98067WH  24138.17892156  .00137518  00000+0  17178-2 0  9994
2 59508  51.6337 108.0531 0003684 145.4211 214.7021 15.58874323  5649
1998-067WJ              
1 59559U 98067WJ  24138.21948888  .00083462  00000+0  11808-2 0  9991
2 59559  51.6357 108.3281 0004969 114.8228 245.3280 15.55777202  4514
1998-067WK              
1 59560U 98067WK  24138.19563671  .00157502  00000+0  19758-2 0  9992
2 59560  51.6346 108.1684 0007412 126.9193 233.2479 15.58662509  4433
1998-067WL              
1 59561U 98067WL  24137.21336630  .00052689  00000+0  81967-3 0  9990
2 59561  51.6366 113.6087 0002879 129.7453 230.3791 15.53383898  4325
BURSTCUBE               
1 59562U 98067WM  24138.22202236  .00083903  00000+0  11966-2 0  9991
2 59562  51.6362 108.3442 0003165 159.1103 201.0018 15.55564512  4497
SNOOPI                  
1 59563U 98067WN  24138.16461982  .00074067  00000+0  10865-2 0  9998
2 59563  51.6361 108.7129 0003427 159.8502 200.2625 15.54850821  4477
SHENZHOU-18 (SZ-18)     
1 59591U 24078A   24137.86019894  .00056417  00000+0  57047-3 0  9990
2 59591  41.4679 274.4459 0003041 352.1267   7.9525 15.64415777  2648
1998-067WP              
1 59596U 98067WP  24138.21096189  .00105399  00000+0  14310-2 0  9995
2 59596  51.6352 108.2713 0005288 116.5431 243.6103 15.56780593  4523
1998-067WQ              
1 59597U 98067WQ  24138.21048251  .00108882  00000+0  14746-2 0  9996
2 59597  51.6363 108.2697 0005342 115.5103 244.6442 15.56831658  4495
SZ-17 MODULE            
1 59624U 23164C   24138.06471651  .00048795  00000+0  52131-3 0  9997
2 59624  41.4770 273.3828 0004505  25.1655 334.9403 15.63062434  2666
